0.0 0.0
0.3801327110843653 0.0
0.6106560023393892 -0.13817034345470125
0.6816638367461614 -0.31447436201907686
0.895951875119084 -0.4766861625507388
1.0860182306612651 -0.4766861625507388
1.2760845862034464 -0.4766861625507388
1.5066078774584706 -0.3385158190960371
1.6486235462720145 0.014092218032713766
1.7196313806787882 0.19039623659708993
1.790639215085562 0.366700255161466
2.0049272534584843 0.5289120556931277
2.3850599645428474 0.5289120556931277
2.461901061627857 0.48285527454156063
2.5329088960346273 0.3065512559771849
2.6749245648481748 -0.04605678115156575
2.7463539109724837 -0.10012738132878618
2.8231950080574935 -0.14618416248035304
2.9652106768710405 -0.4987921996091047
3.179498715243964 -0.6610040001407667
3.559631426328327 -0.6610040001407667
3.9397641374126895 -0.6610040001407667
4.319896848497051 -0.6610040001407667
4.5504201397520765 -0.5228336566860647
4.764708178125001 -0.3606218561544028
5.144840889209363 -0.3606218561544028
